route_id,service_id,trip_id,trip_short_name
1,1,2872,R
2,2,9473,R
3,3,9008,R
4,4,5052,R
5,4,4205,R
6,4,4206-1,R
7,5,4303,R
8,4,4335,R
9,6,4331,R
10,7,4074,R
11,8,4361,R
12,9,4308,R
13,4,5101,R
14,4,5110,R
15,4,7569,R
16,10,1590,IR
17,6,9477,R
18,6,9476,R
19,4,36313,R
19,4,36329,R
20,9,4084,R
21,11,4321,R
22,12,4322,R
23,4,4452,R
24,4,36326,R
25,9,4340,R
26,4,2611,R
27,4,5311,R
28,4,5213,R
29,6,2381,R
30,4,4083,R
31,13,3620,R
31,9,3628,R
32,4,3629,R
33,9,3627,R
33,14,3637,R
33,4,3635,R
31,9,3622,R
34,9,3640,R
35,9,3641,R
36,4,9576,R
37,4,9552,R
38,9,4044,R
39,9,4375,R
40,9,4376,R
38,9,4046,R
41,4,4532,R
42,15,2423,R
43,16,4584,R
44,9,3633,R
45,4,6444,R
46,4,9368,R
47,4,9343,R
48,17,7375,R
49,4,5743,R
50,4,2569,R
51,18,8371,R
52,19,4362,R
53,4,9578,R
54,4,8121,R
55,4,6503,R
56,4,4544,R
57,20,1593,IR
58,21,9448,R
59,22,1942,IR
60,4,8151,R
47,23,9345,R
61,6,2386,R
62,24,8804,R
63,4,3074,R
64,17,2083,R
65,4,7364,R
66,4,37656,R
15,4,7575,R
67,4,5022,R
68,4,4454,R
69,4,346-1,IR
70,21,1819,IR
71,4,6502,R
72,4,9553,R
73,23,9666,R
74,4,7031,R
42,25,2421,R
75,26,7385,R
76,4,8580,R
56,4,4546,R
77,4,2203,R
78,10,1684,IR
79,27,4525,R
80,4,3010,R
81,9,4108,R
82,4,5570,R
83,4,4653,R
84,4,4334,R
85,28,3623,R
86,4,5462,R
87,4,5201,R
88,29,2085,R
89,21,1547-2,IR
90,4,1832,IR
91,23,9346,R
92,30,1643,IR
93,4,9358,R
94,24,8807,R
95,31,2724,R
96,32,1095,IR
97,4,1692,IR
98,9,4311,R
99,4,9301,R
100,4,5523,R
101,4,3116,R
102,23,9167,R
103,4,4511,R
104,4,5723,R
105,33,4705,R
106,4,4650,R
107,4,5508,R
108,34,9170,R
109,21,1818-1,IR
110,4,1667,IR
111,35,1695,IR
112,4,1781,IR
113,4,1831-2,IR
114,1,2873,R
115,10,1682,IR
116,4,9005,R
43,6,4580,R
117,36,1774,IR
118,24,8806,R
119,4,9135,R
120,37,1968,IR
121,6,9485,R
122,4,6412,R
123,4,9613,R
124,4,9351,R
125,38,1995-2,IR
126,4,1749,IR
127,4,5207,R
25,4,4342,R
128,21,1723,IR
129,6,9383,R
130,4,5605,R
131,4,9610,R
132,4,9107,R
133,4,4547,R
38,4,4042,R
134,39,1004,IR
135,17,9580,R
136,40,4310,R
137,41,5628,R
138,4,4082,R
11,42,4367,R
137,41,5626,R
139,4,2311,R
140,4,5720,R
141,21,1794,IR
142,4,9573,R
143,4,6812,R
144,43,1861-2,IR
58,4,9440,R
145,4,1691,IR
146,4,5711,R
147,4,3005,R
148,4,9022,R
149,4,3089,R
150,38,1988,IR
151,4,5524,R
152,21,1521,IR
153,44,7584,R
154,4,5303,R
155,4,3007,R
156,24,1953-2,IR
157,4,8586,R
158,4,4701,R
159,4,2502,R
160,4,8444,R
161,4,1638,IR
162,4,9434,R
163,4,4520,R
164,4,9611,R
132,4,9105,R
165,45,1543-2,IR
166,46,8036,R
167,23,9382,R
168,4,3072,R
169,9,4045,R
170,4,3535,R
171,47,9122,R
172,48,2700,R
173,34,8656,R
174,22,1996,IR
175,47,2854,R
169,4,4043,R
176,4,9159,R
177,9,4314,R
178,49,1821,IR
179,34,1992,IR
180,4,4411,R
137,41,5624,R
181,50,9530,R
182,4,2567,R
183,21,1538,IR
184,23,2708,R
185,51,3076,R
186,4,9063-2,R
187,9,4085-2,R
133,4,4543,R
188,6,9480,R
189,4,9024,R
190,44,7401,R
191,29,2088,R
192,4,2042,R
193,6,3514,R
86,4,5468,R
194,52,1744,IR
195,4,9575,R
196,17,9347,R
197,4,1384-1,R
81,53,4104,R
198,4,4501,R
199,4,5209,R
200,54,1756,IR
2,55,9475,R
91,23,9344,R
201,23,5026,R
202,56,9696,R
203,57,8025,R
204,4,6313,R
205,4,9003,R
206,4,3023,R
207,4,1838-1,IR
208,4,2235,R
209,21,1894,IR
170,23,3533,R
210,34,1944-1,IR
211,21,2071,R
163,4,4516,R
212,58,1738,IR
213,59,8204,R
166,43,8034,R
214,60,8654,R
215,4,4531,R
7,9,4301,R
216,4,9388,R
217,20,1594,IR
123,23,9615,R
218,4,5561-2,R
219,4,5424-1,R
172,4,2704,R
220,4,5433,R
221,61,2384,R
222,4,8014,R
223,62,9061-2,R
224,4,7361,R
225,17,1579,IR
202,63,9694,R
226,4,4146-1,R
227,20,1529,IR
228,4,4094,R
229,9,3084,R
230,4,1662,IR
231,21,1811,IR
232,3,9006,R
110,21,1665,IR
233,4,5461,R
234,21,1789,IR
235,64,4365,R
236,23,9504,R
237,45,4517,R
82,4,5564,R
238,4,367-2,IR
38,4,4048,R
239,4,9163,R
240,4,4106,R
241,4,9572,R
242,65,1588,IR
243,66,1984,IR
244,4,2068,R
245,4,4537,R
246,67,8389,R
247,4,1061,R
248,68,1582,IR
249,4,2307,R
250,4,2048,R
251,4,2183,R
38,9,4092,R
252,69,1630,IR
253,4,2063,R
77,17,2215,R
254,21,1545-2,IR
255,70,1986,IR
256,4,5214-1,R
257,71,1555,IR
258,4,4302,R
259,72,8653,R
260,4,4135-2,R
261,73,9026,R
262,4,5208-1,R
263,4,2606,R
264,4,9557,R
265,4,1748,IR
43,6,4586,R
266,34,1926,IR
267,4,1632,IR
268,4,5738,R
46,17,9372,R
269,4,4507,R
268,4,5736,R
270,4,5072,R
271,6,9486,R
272,74,2703,R
273,4,5638,R
274,23,3532,R
275,21,1720,IR
276,4,9616-1,R
277,4,4101,R
26,4,2603,R
250,4,2046,R
278,4,2101,R
175,75,2860,R
279,6,1550-1,IR
108,4,9164,R
280,4,1639,IR
281,21,1863-2,IR
282,4,4111-2,R
283,4,2416-1,R
284,46,8033,R
285,4,9381,R
286,76,1548,IR
58,52,9442,R
287,4,9106,R
288,4,5474,R
289,17,9139,R
290,46,1921-2,IR
141,4,1790,IR
291,23,2437,R
229,17,3612,R
292,4,2095,R
293,4,5005,R
294,4,5712,R
295,24,1924,IR
296,4,4103,R
86,4,5464,R
297,44,7585,R
298,10,1591,IR
38,4,4050,R
299,4,5612,R
300,4,7572,R
301,4,8123,R
302,4,1724,IR
303,4,6314,R
304,77,8809,R
233,4,5463,R
305,78,1771,IR
306,21,1833,IR
307,4,1693,IR
308,4,4506,R
309,4,7038,R
57,21,1595,IR
310,6,2076,R
311,6,2515,R
312,4,5565-2,R
77,4,2209,R
105,79,4305,R
313,17,4486,R
314,41,1064,R
315,61,1925,IR
316,4,5054,R
317,4,5304,R
318,80,9375,R
177,4,4316,R
319,4,1624,IR
29,23,2707,R
320,6,9386,R
321,4,4136,R
322,81,1589,IR
23,64,4070,R
323,82,9472,R
324,4,9608,R
325,83,3012,R
326,21,1834-1,IR
327,4,8122,R
66,4,37630,R
328,4,5471,R
91,23,9352,R
297,4,7587,R
329,21,8002,R
330,84,4528,R
331,85,3642,R
332,4,3543,R
333,75,9506,R
334,86,7381,R
335,4,2028-1,R
153,44,7588,R
336,4,4330,R
106,87,4656,R
112,4,1783,IR
337,4,6504,R
338,4,7037,R
339,4,8201,R
340,88,1552,IR
86,4,5460,R
341,4,3011,R
342,4,472-1,IR
343,47,9484,R
344,17,2075,R
269,4,4503,R
345,4,2415,R
346,21,9445,R
153,4,7586,R
318,6,9373,R
347,89,4654,R
348,4,9137,R
349,54,1654,IR
259,61,8657,R
350,23,1698,IR
351,4,4133-2,R
352,4,9669,R
353,4,1537,IR
354,4,1597,IR
355,4,4704,R
356,4,5053,R
357,17,2050,R
358,90,2594,R
359,4,1668,IR
14,4,5112,R
360,91,9389,R
361,4,5560,R
362,4,3017,R
56,4,4540,R
363,6,9501,R
364,35,1585,IR
365,4,5001,R
366,4,8592,R
367,4,5412,R
368,24,1931-2,IR
245,4,4533,R
369,45,9512,R
370,4,9064,R
213,92,8224,R
77,4,2211,R
371,4,5442,R
372,21,1891,IR
373,4,5402,R
374,62,9401,R
375,4,37647,R
284,43,8031,R
376,4,5423,R
377,4,5204-1,R
49,4,5739,R
378,4,72-1,IR
379,4,144-1,IR
380,4,3085,R
381,4,2039-2,R
382,83,3003,R
311,45,2513,R
383,21,1655,IR
384,6,2029,R
385,4,9111,R
386,4,3115,R
387,4,3004,R
388,4,1752,IR
389,4,2501,R
390,21,1743,IR
391,93,9123,R
71,4,6506,R
392,6,9051,R
393,55,2857,R
394,94,4423,R
395,4,2038,R
247,4,1063,R
396,21,1574,IR
397,95,2481,R
107,4,5502,R
398,75,3122,R
399,96,4143,R
400,4,7566,R
401,97,1887,IR
402,4,8443,R
403,21,1546,IR
404,4,3547,R
405,4,6415,R
406,98,2709,R
407,4,9021,R
408,4,5584,R
82,4,5566,R
329,99,8024,R
409,4,2103,R
141,4,1786,IR
410,4,3086,R
411,6,2564-1,R
412,4,5076,R
413,100,8370,R
414,4,5706,R
108,4,9160,R
415,4,4412,R
416,4,380-1,IR
417,45,9190,R
246,101,8397,R
418,102,1642,IR
419,4,6827-2,R
56,4,4548,R
209,4,1890,IR
420,23,5021,R
246,43,8385,R
421,4,1859,IR
422,55,9533,R
423,4,2070,R
181,4,9532,R
424,6,9192,R
425,75,2086,R
67,4,5024,R
426,4,402-1,IR
427,4,5210,R
141,4,1782,IR
23,103,4076,R
428,4,5613,R
429,4,9618-1,R
430,4,366-1,IR
180,4,4403,R
233,4,5465,R
431,4,9134,R
432,34,1948,IR
433,4,5583,R
434,104,1862,IR
55,4,6505,R
435,6,9052,R
436,38,1941-2,IR
437,24,8801,R
438,4,3075,R
413,67,8380,R
439,4,4338,R
440,4,5606,R
157,4,8588,R
441,1,2871,R
442,105,8001,R
51,43,8383,R
195,4,9193,R
443,4,2442-1,R
444,6,2851,R
445,4,9303,R
446,75,5206,R
447,4,2302,R
448,4,3536,R
449,4,9619,R
159,4,2506,R
450,21,1823,IR
451,106,4524,R
452,4,8594,R
102,4,9171,R
82,4,5562,R
453,4,2608,R
454,4,5413,R
455,6,9132,R
456,107,1822,IR
157,4,8582,R
457,23,2438,R
151,4,5520,R
287,4,9104,R
458,4,4485,R
459,6,4523,R
460,108,1728,IR
461,4,9664,R
462,67,3019,R
463,4,2855,R
464,24,8345-2,R
462,67,3009,R
219,4,5422-1,R
465,4,9113,R
466,109,4142-1,R
203,110,8003,R
467,75,2091,R
98,4,4091,R
413,43,8392,R
468,4,2560-1,R
469,4,3545,R
470,21,1661,IR
412,17,5056,R
471,4,143-2,IR
472,4,1753,IR
473,4,5443,R
396,21,1576,IR
474,111,2474,R
401,4,1889,IR
475,40,4651,R
476,4,2069,R
477,4,2496,R
180,4,4405,R
429,4,9620-1,R
478,41,5627,R
46,17,9362,R
262,4,5212-1,R
479,24,1961-2,IR
151,4,5526,R
287,4,9110,R
122,4,6414,R
480,4,5701,R
362,112,3001,R
77,4,2213,R
481,4,3112,R
232,113,9010,R
141,4,1788,IR
482,114,1726,IR
483,115,9028,R
484,6,2511,R
485,4,347-2,IR
318,17,9359,R
486,6,4515,R
487,21,8015,R
94,43,8393,R
488,4,9306,R
141,52,1784,IR
489,61,1949,IR
490,116,1994,IR
491,4,8203,R
492,4,3511,R
47,4,9341,R
149,4,3083,R
493,66,1971-2,IR
77,4,2205,R
171,117,9120,R
23,4,4456,R
494,4,5414,R
273,4,5636,R
495,4,2185,R
318,6,9367,R
402,4,8595,R
496,21,8032,R
497,21,1866,IR
498,21,8016,R
499,4,4504,R
500,4,1385,R
229,4,3082,R
501,4,5403,R
502,4,2079,R
503,4,9551,R
136,4,4306,R
504,4,6811,R
505,54,1653,IR
506,47,2853,R
507,4,9025,R
508,24,2593,R
509,51,1856,IR
429,4,9614-1,R
510,66,1983,IR
511,4,5710,R
512,4,2850,R
79,118,4527,R
513,4,5109,R
46,6,9370,R
514,4,1895,IR
48,4,7371,R
468,6,2562-1,R
515,4,5003,R
10,119,4072,R
516,4,5505,R
517,4,2234,R
518,4,2568-1,R
519,4,5522,R
273,4,5634,R
478,41,5623,R
520,4,5404-1,R
204,4,6315,R
521,4,1663,IR
77,4,2201,R
447,4,2312,R
522,4,9695,R
523,17,3091,R
524,4,1725-2,IR
525,23,3728,R
204,4,6311,R
273,4,5632,R
526,4,2514,R
112,4,1793,IR
142,4,9577,R
527,4,401,IR
528,4,8154,R
529,4,9066,R
75,120,7365,R
530,4,3546,R
259,24,8651,R
353,4,1737,IR
531,4,9102,R
413,24,8800,R
532,4,4105,R
533,121,1729,IR
534,6,4332,R
91,4,9342,R
535,122,9062,R
536,123,9481,R
169,9,4041,R
537,124,1922,IR
538,4,4333,R
177,4,4312,R
406,103,2711,R
539,24,1937-2,IR
540,6,2202,R
541,4,74-1,IR
531,4,9108,R
177,9,4324,R
542,4,406-1,IR
543,66,8346,R
544,47,9471,R
356,4,5055,R
545,4,5631,R
540,4,2214,R
327,4,8124,R
516,4,5501,R
546,4,7567,R
547,4,4505,R
548,30,1644,IR
549,4,1963-2,IR
550,125,7574,R
551,4,1772,IR
552,4,6316,R
553,4,2441,R
328,4,5481,R
45,4,6442,R
554,4,4372,R
133,4,4549,R
555,4,3088,R
76,4,8584,R
149,126,3087,R
556,4,7571,R
557,4,1826,IR
558,21,1656,IR
559,4,6822,R
560,4,6823-2,R
561,21,1631,IR
562,4,8202,R
563,4,8153,R
564,17,5216,R
565,114,1727,IR
566,4,4441,R
567,4,1835,IR
568,21,1657,IR
569,127,9405,R
309,4,7036,R
313,128,4484,R
570,4,3747,R
571,6,9402,R
572,21,1648,IR
573,66,1928,IR
86,4,5466,R
574,4,2713,R
575,79,4483,R
576,78,1770,IR
577,4,4510,R
531,4,9112,R
516,4,5503,R
578,17,2374,R
579,21,1575,IR
180,129,4413,R
540,4,2212,R
50,17,2571,R
580,17,3090,R
437,67,8387,R
581,4,2081,R
582,23,9404-1,R
408,4,5582,R
583,6,2601,R
422,130,9535,R
584,21,1812-1,IR
585,131,1528,IR
586,132,9011,R
130,4,5601,R
105,4,4307,R
587,4,5010,R
588,4,5051,R
399,4,4141,R
208,4,2231,R
589,4,6403,R
590,4,7568,R
591,6,2074,R
592,4,5306,R
593,4,1633,IR
594,10,1683,IR
595,17,9507,R
219,4,5426-1,R
596,4,1773,IR
597,4,2602,R
598,17,2518,R
599,45,9004,R
49,4,5735,R
600,34,1932,IR
601,4,5444,R
442,99,8021,R
602,4,4521,R
603,4,1587,IR
604,4,1858,IR
530,4,3550,R
175,23,2852,R
605,4,3501,R
606,133,4583,R
607,66,1970,IR
49,4,5741,R
608,6,3530,R
609,4,2412-1,R
391,47,9121,R
610,90,2595,R
530,4,3542,R
611,66,1929-2,IR
49,4,5733,R
612,4,5411,R
613,23,2188,R
180,45,4415,R
233,4,5467,R
248,4,1584,IR
614,4,9138,R
615,4,4110,R
123,4,9617,R
616,134,1880,IR
617,4,6443,R
618,135,1852-1,IR
396,97,1578,IR
613,4,2184,R
100,4,5527,R
619,4,79-2,IR
620,4,3503,R
11,136,4073,R
621,4,2027,R
622,4,2031,R
623,4,9030,R
624,24,2592,R
625,17,3746,R
314,4,1062,R
268,4,5732,R
415,4,4406,R
606,6,4585,R
626,4,1592,IR
273,4,5630,R
627,6,3081,R
628,40,3646,R
98,137,4313,R
141,52,1780,IR
318,138,9365,R
629,4,3117,R
218,4,5567-2,R
630,4,5002,R
513,4,5107,R
464,67,8343-2,R
435,55,9054,R
631,4,2443,R
632,24,8589,R
100,4,5525,R
94,139,8381,R
633,4,4102,R
634,140,5301,R
50,4,2561,R
248,141,1580,IR
498,21,8012,R
635,35,1641,IR
636,4,5202,R
637,142,4702,R
638,143,460,IR
639,4,6408,R
640,23,1551,IR
364,4,1583,IR
641,4,381,IR
642,4,5302,R
643,4,364-1,R
274,23,3534,R
644,4,2444-1,R
645,44,7372,R
646,21,1522,IR
398,6,3114,R
647,17,3118,R
648,45,9414,R
47,23,9349,R
649,144,4134,R
540,4,2208,R
650,4,368-1,R
252,21,1634,IR
644,4,4535,R
107,4,5506,R
651,4,4455,R
639,4,6404,R
65,4,7360,R
652,4,3006,R
653,45,2033,R
654,4,2082,R
655,21,1596,IR
433,4,5581,R
656,4,8082-1,R
163,4,4518,R
270,4,5074,R
112,21,1791,IR
657,4,5431,R
251,4,2181,R
545,4,5635,R
219,4,5420-1,R
658,4,1837,IR
659,4,1731-2,IR
660,4,3002,R
176,4,9161,R
487,66,8023,R
56,4,4542,R
488,21,9302,R
108,23,9166,R
661,4,2102,R
662,6,3541,R
52,4,4366,R
49,4,5737,R
488,4,9304,R
663,4,5008,R
664,4,2064,R
468,4,2570-1,R
14,4,5108,R
665,4,1836,IR
666,145,8695,R
667,4,1745,IR
329,105,8004,R
440,4,5602,R
668,4,9502,R
669,4,2061-2,R
670,17,9483,R
671,4,8585,R
672,4,3548,R
673,4,7366,R
674,4,2092,R
675,4,2104,R
676,6,3544,R
639,4,6402,R
677,4,4336,R
678,146,1557,IR
77,147,2207,R
679,4,3500,R
680,4,9435,R
438,4,3073,R
224,17,7363,R
681,4,1964,IR
682,4,75-2,IR
632,4,8587,R
683,4,9065-2,R
461,4,9668,R
181,55,9534,R
180,4,4409,R
684,37,1969,IR
685,4,5105-2,R
218,4,5563-2,R
58,21,9446,R
686,4,4508,R
687,47,2094,R
540,148,2210,R
137,41,5620,R
688,4,5205,R
543,68,8344,R
689,4,1746,IR
405,4,6413,R
690,4,1897,IR
268,4,5730,R
691,6,9505,R
692,137,8655-2,R
237,45,4519,R
405,4,6411,R
693,4,407-2,IR
694,4,2080,R
695,4,4371,R
696,4,473-2,IR
453,4,2610,R
697,4,9103,R
698,4,2023,R
528,4,8152,R
545,4,5633,R
699,4,9556,R
700,4,1736-1,IR
701,149,4703,R
702,17,3745,R
288,4,5472,R
94,43,8391,R
98,9,4315,R
703,76,1534,IR
422,4,9531,R
704,4,3630,R
705,4,2043,R
706,6,9340,R
632,67,8581,R
707,21,1559,IR
708,54,1757,IR
46,150,9360,R
709,4,1586,IR
710,151,1739,IR
711,21,1721-2,IR
540,4,2216,R
104,4,5721,R
401,21,1885,IR
712,4,9441,R
713,40,3645,R
714,21,1824,IR
715,4,7032,R
540,4,2204,R
716,4,5104,R
404,4,3549,R
129,4,9387,R
717,152,1775,IR
680,4,9433,R
718,6,9385,R
719,4,2182,R
571,45,9416,R
62,67,8386,R
169,4,4047,R
720,4,4536,R
62,43,8394,R
721,4,78-1,IR
722,21,1646,IR
520,4,5406-1,R
366,4,8596,R
723,4,3024,R
108,51,9168,R
246,24,8803,R
724,23,2422,R
725,4,4337,R
726,4,1090,R
352,23,9665,R
3,4,9014,R
727,21,1722,IR
132,4,9109,R
728,153,2482,R
729,4,5006,R
730,4,2093,R
263,4,2604,R
112,4,1795,IR
731,23,1544,IR
311,4,2517,R
732,4,2705,R
733,6,2041,R
734,21,1658,IR
735,21,1664,IR
736,4,9172,R
182,4,2563,R
309,4,7034,R
737,4,2461,R
74,4,7035,R
46,17,9366,R
738,21,1535,IR
739,4,9027,R
740,4,8013,R
741,154,4109,R
517,155,2232,R
742,24,1936,IR
74,4,7033,R
107,4,5504,R
743,4,2434,R
337,4,6508,R
595,45,9503,R
744,4,2045,R
745,21,9001,R
392,55,9053,R
746,4,4513,R
747,4,3512,R
22,156,4318,R
748,21,1539,IR
749,24,1945-2,IR
750,34,2385,R
24,4,36322,R
328,4,5473,R
375,4,37651,R
751,157,4422,R
752,4,5432,R
478,41,5625,R
753,4,1532,IR
754,4,5405,R
755,4,1825,IR
756,21,1645,IR
303,4,6312,R
56,4,4550,R
757,158,1533,IR
758,4,1787,IR
323,23,9478,R
759,4,2089,R
389,4,2503,R
760,159,3643,R
175,4,2856,R
761,139,8384,R
762,4,4442,R
763,4,5482,R
268,4,5734,R
764,54,1741,IR
765,21,2072,R
766,4,9162,R
767,4,73-2,IR
768,160,2087,R
278,4,2105,R
671,4,8583,R
508,24,2591,R
318,17,9361,R
769,4,4145-2,R
545,4,5637,R
82,4,5568,R
770,21,1660,IR
656,4,8084-1,R
771,4,1765,IR
772,102,1696,IR
773,4,5608,R
209,4,1892,IR
480,4,5703,R
774,4,1766-1,IR
775,21,9447,R
352,4,9663,R
513,44,5103,R
776,4,4144-1,R
235,4,4453,R
172,103,2702,R
777,161,9384,R
708,4,1751,IR
318,6,9363,R
778,4,1732,IR
779,4,1531,IR
347,4,4652,R
780,34,1923-2,IR
594,10,1681,IR
616,21,1888,IR
324,162,9612,R
781,6,2383,R
96,143,461,IR
31,9,3624,R
517,4,2230,R
782,21,1636,IR
162,4,9432,R
133,4,4541,R
235,103,4071,R
783,4,2613,R
784,17,5057,R
364,163,1581,IR
132,4,9101,R
785,4,5071,R
188,164,9482,R
21,165,4317,R
616,4,1884,IR
786,38,1989,IR
785,4,5073,R
102,61,9165,R
787,4,5106,R
788,4,1881,IR
789,4,5705,R
790,6,9508,R
791,4,2605,R
792,4,5401,R
793,4,3113,R
526,4,2512,R
794,40,3644,R
55,4,6507,R
420,4,5023,R
617,4,6441,R
795,97,1571,IR
796,4,1623,IR
797,54,1742,IR
798,6,4522,R
102,4,9169,R
546,4,7573,R
799,23,9348,R
140,4,5722,R
800,4,4512,R
801,166,1003,IR
606,6,4581,R
802,4,1755,IR
376,4,5421,R
402,4,8591,R
803,167,7565,R
804,4,8083,R
805,24,8802,R
46,6,9364,R
806,23,1556,IR
579,21,1573,IR
173,4,8652,R
387,4,3008,R
448,4,3528,R
415,168,4408,R
50,4,2565,R
317,34,5312,R
807,4,4339,R
808,4,1893,IR
809,4,5704,R
172,169,2710,R
810,4,4502,R
811,4,7402,R
812,34,1962,IR
318,55,9371,R
813,4,6501,R
415,4,4410,R
451,170,4526,R
513,4,5111,R
814,44,7362,R
589,4,6401,R
440,4,5610,R
94,46,8805,R
73,4,9662,R
724,171,2420,R
815,34,1952,IR
805,172,8372,R
200,4,1754,IR
816,4,1091,R
817,4,2411,R
209,4,1896,IR
616,4,1882,IR
127,4,5203,R
637,4,4490,R
818,4,3071,R
819,6,3513,R
820,4,9307,R
821,4,2372,R
235,4,4451,R
700,4,1536-1,IR
809,4,5702,R
540,4,2206,R
820,21,9305,R
616,52,1886,IR
401,21,1883,IR
822,4,2084,R
518,45,2572-1,R
413,173,8382,R
133,4,4545,R
638,32,1094,IR
823,6,9571,R
526,4,2516,R
130,4,5603,R
824,54,1649,IR
420,4,5027,R
804,4,8081,R
825,4,4095-2,R
402,4,8593,R
180,174,4407,R
112,21,1785,IR
826,175,4107,R
827,4,369-2,R
574,4,2701,R
828,21,9023,R
805,43,8388,R
829,23,1699,IR
830,75,9411,R
831,6,9002,R
832,52,1558,IR
208,162,2233,R
821,4,2044,R
43,6,4582,R
468,4,2566-1,R
833,45,2052,R
834,4,5007,R
678,17,1553,IR
300,44,7570,R
835,4,1792,IR
836,66,1993-2,IR
613,4,2186,R
837,4,6826,R
838,38,1987,IR
839,4,365-2,R
840,6,4509,R
487,20,8011,R
137,41,5622,R
841,4,4530,R
842,4,2464,R
843,176,1857,IR
478,41,5621,R
30,19,4363,R
639,4,6406,R
844,4,5025,R
720,4,4534,R
845,177,1851,IR
846,4,2024,R
37,4,9554,R
847,80,9012,R
169,4,4049,R
848,4,9667,R
415,178,4402,R
849,23,3531,R
850,1,2870,R
851,4,1750,IR
852,4,2047,R
853,6,3111,R
100,4,5521,R
300,4,7576,R
304,179,8395,R
854,23,9479,R
855,34,1991-2,IR
440,4,5604,R
10,42,4364,R
856,6,1570,IR
62,43,8390,R
415,4,4404,R
857,4,5731,R
130,4,5611,R
858,4,15802,R
859,180,15755,R
860,181,15808,R
861,4,15819,R
25,182,15898,R
862,182,15700,R
862,182,15704,R
863,183,15858,R
864,184,15875,R
865,4,15816,R
866,185,15847,R
867,186,15884,R
538,182,15899,R
861,4,15827,R
868,187,15833,R
869,4,15801,R
861,4,15821,R
870,187,15836,R
871,4,15853,R
868,4,15831,R
38,182,15890,R
872,188,15756,R
25,187,15896,R
873,189,15811,R
858,4,15806,R
865,4,15818,R
874,187,15834,R
875,4,15856,R
876,182,15707,R
874,4,15832,R
877,4,15803,R
878,4,15829,R
879,184,15872,R
880,190,15859,R
858,4,15804,R
881,189,15810,R
882,184,15893-2,R
879,184,15868,R
876,182,15705,R
877,4,15807,R
883,4,15824,R
31,6,15752,R
884,4,15855,R
885,191,15862,R
883,4,15826,R
38,192,15888,R
886,4,15754,R
887,192,15837-2,R
858,4,15800,R
169,192,15887,R
538,182,15895,R
888,185,15848,R
859,4,15757,R
889,182,15840,R
873,4,15813,R
883,4,15828,R
878,4,15825,R
890,182,15842,R
891,193,15863,R
892,194,15881,R
893,182,15838,R
864,184,15871,R
881,182,15846,R
883,4,15820,R
894,4,15852,R
876,182,15703,R
538,4,15891,R
861,4,15817,R
883,4,15822,R
881,4,15812,R
895,184,15870,R
896,195,15857,R
897,184,15860,R
898,182,15878,R
899,4,15753,R
900,182,15706,R
864,184,15865,R
864,184,15867,R
901,185,15849,R
169,192,15885,R
902,185,15850,R
25,182,15894,R
903,182,15841,R
31,196,15750,R
873,182,15845,R
904,4,15830,R
877,4,15805,R
864,184,15873,R
873,9,15815,R
879,184,15874,R
905,197,15897,R
881,9,15814,R
879,184,15866,R
886,189,15758,R
862,182,15702,R
906,198,15809,R
907,184,15876,R
908,189,15751,R
909,184,15877,R
861,4,15823,R
910,195,15854,R
169,182,15889,R
35,182,15879,R
876,182,15701,R
38,192,15886,R
25,182,15892,R
868,4,15835,R
859,17,15759,R
903,182,15843,R
911,4,15139,R
912,6,15362,R
913,4,15189,R
914,4,15309,R
915,4,15034,IR
916,4,15261,R
917,4,15051,IR
912,4,15352,R
911,4,15133,R
918,4,15184,R
919,4,15132,R
920,4,15252,R
911,4,15121,R
921,199,15164,R
922,200,15035,IR
918,4,15170,R
919,4,15126,R
923,23,15141,R
916,4,15263,R
923,23,15151,R
924,4,15361,R
925,199,15165,R
918,4,15178,R
926,201,15061,IR
923,4,15145,R
919,202,15130,R
914,4,15311,R
924,203,15359,R
927,6,15161,R
911,202,15127,R
919,4,15124,R
928,4,15264,R
929,4,15056,IR
930,4,15072,IR
912,17,15360,R
924,4,15351,R
914,4,15307,R
931,23,15146,R
932,4,15251,R
933,4,15135,R
913,4,15187,R
911,4,15129,R
920,4,15258,R
934,4,15265,R
935,4,15148,R
936,4,15149,R
912,4,15358,R
913,6,15181,R
923,4,15155,R
913,4,15175,R
920,4,15260,R
937,45,15322,R
938,4,15301,R
919,4,15122,R
918,4,15182,R
923,4,15143,R
931,204,15144,R
935,205,15142,R
919,4,15136,R
918,4,15176,R
939,51,15037,IR
940,206,15162,R
912,6,15364,R
918,4,15188,R
931,23,15152,R
924,6,15363,R
941,6,15160,R
931,4,15154,R
942,4,15313,R
943,4,15303,R
944,4,15312,R
924,23,15355,R
918,4,15190,R
919,4,15134,R
945,4,15036,IR
944,4,15302,R
920,4,15256,R
946,6,15300,R
914,4,15315,R
947,45,15057,IR
948,200,15038,IR
913,4,15193,R
949,4,15071,IR
944,4,15306,R
920,4,15262,R
916,4,15253,R
950,4,15110,R
951,45,15320,R
952,4,15054,IR
953,6,15033,IR
919,4,15120,R
914,4,15305,R
933,207,15125,R
924,4,15357,R
916,4,15257,R
918,4,15172,R
913,4,15191,R
913,4,15173,R
911,4,15131,R
954,4,15002,R
919,208,15128,R
913,4,15185,R
955,45,15004,R
931,4,15140,R
946,4,15304,R
919,4,15138,R
956,4,15031,IR
918,6,15180,R
957,6,15032,IR
944,4,15314,R
958,6,15318,R
916,4,15255,R
911,4,15123,R
959,6,15163,R
912,4,15350,R
913,4,15179,R
923,209,15147,R
960,4,15171,R
961,4,15111,R
920,4,15254,R
912,23,15354,R
913,4,15183,R
913,6,15177,R
923,4,15153,R
942,45,15321,R
962,199,15167,R
944,4,15308,R
916,4,15259,R
963,4,15250,R
964,4,15349,R
965,4,15319,R
911,6,15137,R
924,4,15353,R
912,4,15356,R
931,17,15156,R
966,4,15003,R
967,4,15150,R
968,4,15053,IR
923,45,15157,R
918,4,15174,R
969,4,15316,R
918,4,15186,R
944,4,15310,R
914,6,15317,R
970,210,15982,IR
971,211,15935-2,IR
971,4,15931-2,IR
972,210,15984,IR
973,212,15933-2,IR
974,213,15934,IR
975,211,15932,IR
975,211,15936,IR
976,4,16106,R
977,4,16321,R
978,4,16524,R
979,4,16344,R
980,4,16211,R
981,4,16511,R
982,4,16355-2,R
983,4,16270,R
984,4,16153,R
985,4,16239,R
986,4,16204,R
987,4,16343,R
988,4,16515,R
989,4,16246,R
990,4,16279,R
991,4,16249,R
992,4,16673,R
993,4,16365,R
988,4,16517,R
994,4,16354,R
995,4,16037,R
996,4,16190,R
997,4,16105,R
998,4,16103,R
987,4,16335,R
988,4,16519,R
999,4,16188,R
1000,4,16228,R
1001,4,16319,R
983,4,16276,R
1002,4,16157,R
1003,4,16237,R
979,4,16346,R
997,4,16111,R
1000,4,16226,R
1004,4,16502,R
1005,4,16550,R
1006,4,16014,R
1007,4,16544,R
1008,4,16152,R
1009,4,16067-2,IR
980,4,16213,R
1010,4,16318,R
1011,4,16179-2,R
1012,4,16174,R
1013,4,16100,R
1004,4,16504,R
1004,4,16508,R
1000,4,16220,R
1014,4,16301,R
1015,4,16543,R
1016,4,16689,R
1017,4,16150,R
1018,4,16366,R
981,4,16505,R
1019,4,16020,R
43,4,16360,R
1020,4,16541,R
992,23,16681,R
979,4,16340,R
1021,4,16512,R
1022,4,16223,R
1023,4,16684,R
1024,4,16262,R
1000,4,16224,R
1025,4,16316,R
1026,4,16122,R
1027,4,16210,R
1028,4,16314,R
1029,4,16107,R
995,67,16035,R
1030,4,16156,R
1007,4,16540,R
979,4,16342,R
1004,4,16510,R
988,4,16521,R
983,4,16274,R
979,4,16334,R
983,4,16278,R
978,4,16520,R
1031,4,16243,R
1032,4,16238,R
987,4,16337,R
1004,4,16506,R
1033,4,16248,R
1034,67,16032,R
982,4,16353-2,R
1000,4,16222,R
1035,4,16127,R
1036,4,16548,R
1023,4,16674,R
1036,4,16542,R
980,4,16209,R
992,4,16683,R
1037,4,16142,R
1038,4,16551,R
1039,4,16180,R
987,4,16347,R
1027,4,16214,R
1019,4,16016,R
987,4,16345,R
1040,4,16068,IR
1041,4,16513,R
1042,4,16364,R
994,4,16350,R
980,4,16215,R
1043,4,16338,R
994,4,16356,R
997,4,16109,R
988,4,16523,R
1044,4,16183,R
1021,4,16514,R
1045,4,16012,R
1027,4,16202,R
981,4,16501,R
987,4,16333,R
1033,4,16240,R
981,4,16509,R
993,4,16363,R
978,4,16522,R
1046,4,16187,R
1026,4,16124,R
1023,4,16678,R
1047,4,16302,R
1012,4,16170,R
985,4,16247,R
1030,4,16148,R
1023,4,16680,R
1048,4,16320,R
1042,4,16362,R
1034,4,16030,R
978,4,16516,R
1049,4,16547,R
1050,4,16181,R
1022,4,16221,R
992,4,16685,R
990,4,16271,R
1051,4,16182,R
1035,4,16123,R
1052,4,16101,R
992,4,16687,R
1053,4,16203,R
1054,4,16242,R
983,4,16280,R
1038,4,16545,R
982,4,16357-2,R
1011,4,16169-2,R
1055,4,16185,R
990,4,16275,R
1056,4,16546,R
1057,4,16189,R
1022,4,16225,R
1058,4,16019,R
990,4,16277,R
1032,4,16244,R
1011,4,16177-2,R
1059,4,16367,R
980,4,16205,R
992,4,16675,R
993,4,16361,R
979,4,16332,R
1060,4,16147,R
1061,4,16172,R
995,4,16031,R
1062,4,16175,R
1010,4,16312,R
1063,4,16088,IR
997,4,16113,R
992,4,16679,R
988,4,16525,R
1012,4,16178,R
1061,4,16176,R
1022,4,16227,R
1064,4,16184,R
1027,4,16206,R
1065,4,16011,R
1024,4,16260,R
977,4,16315,R
1066,4,16149,R
979,4,16336,R
1018,4,16368,R
1041,4,16527,R
995,24,16039,R
1023,4,16676,R
1011,4,16173-2,R
1067,4,16146,R
981,4,16503,R
1068,4,16018,R
1027,4,16212,R
1004,4,16500,R
1013,4,16110,R
1014,4,16303,R
983,4,16272,R
979,4,16330,R
987,4,16331,R
1065,4,16017,R
1008,4,16144,R
990,4,16281,R
980,4,16207,R
1002,4,16145,R
1034,24,16038,R
1069,4,16323,R
1070,4,16311,R
1071,4,16310,R
1027,4,16208,R
1013,4,16108,R
992,4,16677,R
1072,4,16671,R
1026,4,16120,R
987,4,16339,R
1026,4,16126,R
982,4,16351-2,R
1067,4,16154,R
987,4,16341,R
1073,4,16186,R
981,4,16507,R
1011,4,16171-2,R
1035,4,16121,R
1013,4,16104,R
1013,4,16102,R
978,4,16518,R
1035,4,16125,R
991,4,16241,R
1074,4,16261,R
1058,4,16015,R
994,4,16352,R
1022,4,16219,R
1047,4,16300,R
1023,4,16682,R
1075,4,16313,R
1023,4,16670,R
1023,4,16672,R
1076,4,16013,R
1077,4,16317,R
990,4,16273,R
1078,4,16089-2,IR
1079,4,16155,R
995,4,16033,R
1074,4,16263,R
1034,4,16036,R
1012,4,16168,R
1002,4,16151,R
985,4,16245,R
1034,4,16034,R
1049,4,16549,R
1080,214,1052,IR
1081,215,1051,IR
